"epic_id","epic_title","story_id","story_title","description","acceptance_criteria","priority","complexity","phase","labels","dependencies"
"epic-consent","User Consent Management","story-consent-mechanism","Revise consent mechanism","Revise the consent mechanism to ensure it meets GDPR requirements for granularity and provides users with clear options for opting into data tracking.","GIVEN a user accesses the consent settings WHEN they review their options THEN they should see clear, specific choices for opting into data tracking.","P0","medium","MVP","consent, GDPR",""
"epic-compliance","GDPR Compliance","story-gdpr-audit","Conduct GDPR compliance audit","Conduct a full GDPR compliance audit to address legal concerns regarding data processing, consent mechanisms, and data retention policies.","GIVEN the audit is initiated WHEN the compliance team reviews the data processing practices THEN all GDPR requirements should be met before launch.","P0","complex","MVP","compliance, GDPR",""
"epic-tracking","User Behavior Tracking","story-user-tracking-pipeline","Build user behavior tracking pipeline","Implement a data ingestion pipeline that captures browsing history, click patterns, scroll depth, and time-on-page metrics for each authenticated user. The pipeline must handle at minimum 50k events/second at peak and store raw events with full user identifiers for profile enrichment downstream.","GIVEN a user is authenticated WHEN they browse content THEN their browsing history, click patterns, and scroll depth are captured in real-time.","P1","complex","MVP","data tracking, pipeline",""
"epic-recommendation","Personalized Content Recommendations","story-ml-recommendation-engine","Implement ML recommendation engine","Build a recommendation engine that uses accumulated user profile data to serve personalized content suggestions. The model should incorporate collaborative filtering and content-based approaches, targeting a 20% improvement in content CTR within 60 days.","GIVEN user profile data is available WHEN the recommendation engine processes this data THEN it should serve personalized content suggestions with a 20% improvement in CTR within 60 days.","P1","complex","MVP","recommendation engine, ML","story-user-tracking-pipeline"
"epic-data-export","Data Export for Advertisers","story-data-export-api","Implement data export for advertisers","Create an API and batch export system that shares anonymized user profile segments with advertising partners while ensuring compliance with privacy regulations.","GIVEN anonymized user segments are ready WHEN the API is called THEN advertisers should receive cohort-level data without individual identifiers.","P1","medium","V1","data export, advertising","story-consent-mechanism, story-gdpr-audit, story-user-tracking-pipeline, story-ml-recommendation-engine"
"epic-consent","User Consent Management","story-device-level-opt-out","Implement device-level opt-out feature","Implement a feature that allows users to opt out of tracking on a device-by-device basis, addressing enterprise user concerns about cross-device tracking.","GIVEN a user accesses the opt-out settings WHEN they choose to opt out THEN tracking should be disabled for that specific device.","P1","medium","V1","tracking, enterprise","story-consent-mechanism"
"epic-tracking","User Behavior Tracking","story-cross-device-tracking","Add cross-device tracking","Link user activity across mobile app and web browser sessions using deterministic and probabilistic matching to enable a unified user profile.","GIVEN a user logs in on multiple devices WHEN they interact with content THEN their activities should be linked to a single user profile.","P1","complex","V1","cross-device, user profile","story-user-tracking-pipeline"
"epic-transparency","User Data Transparency","story-user-preference-dashboard","Create user preference dashboard","Build a user-facing dashboard that displays collected behavioral data, inferred interests, content categories, and engagement patterns. Include toggles to opt out of specific tracking categories.","GIVEN a user accesses their dashboard WHEN they view their data THEN they should see their inferred interests and have the option to opt out of specific tracking categories.","P2","medium","V1","user interface, transparency","story-consent-mechanism, story-gdpr-audit, story-user-tracking-pipeline, story-ml-recommendation-engine"
"epic-privacy","User Privacy Management","story-privacy-settings-overhaul","Redesign privacy settings interface","Redesign the privacy settings interface to make it more user-friendly and intuitive, addressing user frustration with existing settings.","GIVEN a user accesses the privacy settings WHEN they navigate the interface THEN they should find it easy to understand and modify their preferences.","P2","medium","V1","privacy, user experience","story-consent-mechanism, story-gdpr-audit, story-user-tracking-pipeline, story-ml-recommendation-engine"
"epic-monitoring","Privacy Monitoring","story-privacy-monitoring","Set up monitoring and alerting for privacy metrics","Set up monitoring and alerting systems for key privacy metrics, including Privacy Opt-Out Rate and user engagement metrics, to ensure compliance and user trust.","GIVEN the monitoring system is in place WHEN privacy metrics are tracked THEN alerts should trigger if the Privacy Opt-Out Rate exceeds the defined threshold.","P2","medium","V2","monitoring, privacy","story-data-export-api, story-device-level-opt-out, story-cross-device-tracking, story-user-preference-dashboard, story-privacy-settings-overhaul"
"epic-feedback","User Feedback Mechanism","story-user-feedback-collection","Implement user feedback collection mechanism","Implement a mechanism for collecting user feedback on the recommendation engine and privacy settings to continuously improve the user experience.","GIVEN the feedback mechanism is active WHEN users provide feedback THEN their input should be recorded and analyzed for improvements.","P2","medium","V2","feedback, user experience","story-data-export-api, story-device-level-opt-out, story-cross-device-tracking, story-user-preference-dashboard, story-privacy-settings-overhaul"
